{
 "cells": [
  {
   "cell_type": "markdown",
   "metadata": {},
   "source": [
    "# Intro to FEM: Truss, Beam, and Frame code implimentation\n",
    "## By Joshua Herman\n",
    "## For INTRO TO FEM class Binghamton Continuing Ed\n",
    "## Instructor: Mahdi Farahikia\n",
    "\n",
    "### Below are imports from the TRUSS, BEAM, and FRAME FEA Python Codes used to complete one problem in each of three catagories: Truss, Beam, and Frame"
   ]
  },
  {
   "cell_type": "code",
   "execution_count": null,
   "metadata": {},
   "outputs": [],
   "source": [
    "from TRUSS_100318 import *\n",
    "from BEAM_100518 import *\n",
    "from FRAME_100318 import *"
   ]
  },
  {
   "cell_type": "markdown",
   "metadata": {},
   "source": [
    "# 1) Truss FEA Example"
   ]
  },
  {
   "cell_type": "code",
   "execution_count": 2,
   "metadata": {
    "scrolled": false
   },
   "outputs": [
    {
     "name": "stdout",
     "output_type": "stream",
     "text": [
      "--------------------------------------------------------------------------\n",
      "--------------------------------------------------------------------------\n",
      "--------------------------------------------------------------------------\n",
      "\n",
      "FEA TRUSS ANALYSIS: Truss FEA :\n",
      "\n",
      "         All x/y displacements d in meters\n",
      "         All x/y forces f in Newtons\n",
      "\n",
      "-------------------------------------\n",
      "-------------------------------------\n",
      "\n",
      "Elemental Input Data:\n",
      "\n",
      "Input Data for Element 1:\n",
      "E1 = 2.1e+11\n",
      "A1 = 4.e-04\n",
      "L1 = 3.e+00\n",
      "theta1 = 60.0\n",
      "\n",
      "Input Data for Element 2:\n",
      "E2 = 2.1e+11\n",
      "A2 = 4.e-04\n",
      "L2 = 3.e+00\n",
      "theta2 = -60.0\n",
      "\n",
      "Input Data for Element 3:\n",
      "E3 = 2.1e+11\n",
      "A3 = 4.e-04\n",
      "L3 = 3.e+00\n",
      "theta3 = 0.0\n",
      "\n",
      "Input Data for Element 4:\n",
      "E4 = 2.1e+11\n",
      "A4 = 4.e-04\n",
      "L4 = 3.e+00\n",
      "theta4 = 60.0\n",
      "\n",
      "Input Data for Element 5:\n",
      "E5 = 2.1e+11\n",
      "A5 = 4.e-04\n",
      "L5 = 3.e+00\n",
      "theta5 = -60.0\n",
      "\n",
      "Input Data for Element 6:\n",
      "E6 = 2.1e+11\n",
      "A6 = 4.e-04\n",
      "L6 = 3.e+00\n",
      "theta6 = 0.0\n",
      "\n",
      "Input Data for Element 7:\n",
      "E7 = 2.1e+11\n",
      "A7 = 4.e-04\n",
      "L7 = 3.e+00\n",
      "theta7 = 0.0\n",
      "-------------------------------------\n",
      "Fixed DOFs\n",
      "d1x = 0\n",
      "d1y = 0\n",
      "f2x = 0\n",
      "f2y = -1000000000.0\n",
      "f3x = 0\n",
      "f3y = 0\n",
      "f4x = 0\n",
      "f4y = -1000000000.0\n",
      "f5x = 0\n",
      "d5y = 0\n",
      "-------------------------------------\n",
      "Below is Chart containing Nodal Connectivity Data.\n",
      "\n",
      "The ith entry of the eth row represents the global node number associated with the ith local node \n",
      "of the eth finite element\n"
     ]
    },
    {
     "data": {
      "text/html": [
       "<div>\n",
       "<style scoped>\n",
       "    .dataframe tbody tr th:only-of-type {\n",
       "        vertical-align: middle;\n",
       "    }\n",
       "\n",
       "    .dataframe tbody tr th {\n",
       "        vertical-align: top;\n",
       "    }\n",
       "\n",
       "    .dataframe thead th {\n",
       "        text-align: right;\n",
       "    }\n",
       "</style>\n",
       "<table border=\"1\" class=\"dataframe\">\n",
       "  <thead>\n",
       "    <tr style=\"text-align: right;\">\n",
       "      <th></th>\n",
       "      <th>0</th>\n",
       "      <th>1</th>\n",
       "    </tr>\n",
       "  </thead>\n",
       "  <tbody>\n",
       "    <tr>\n",
       "      <th>0</th>\n",
       "      <td>1</td>\n",
       "      <td>2</td>\n",
       "    </tr>\n",
       "    <tr>\n",
       "      <th>1</th>\n",
       "      <td>2</td>\n",
       "      <td>3</td>\n",
       "    </tr>\n",
       "    <tr>\n",
       "      <th>2</th>\n",
       "      <td>1</td>\n",
       "      <td>3</td>\n",
       "    </tr>\n",
       "    <tr>\n",
       "      <th>3</th>\n",
       "      <td>3</td>\n",
       "      <td>4</td>\n",
       "    </tr>\n",
       "    <tr>\n",
       "      <th>4</th>\n",
       "      <td>4</td>\n",
       "      <td>5</td>\n",
       "    </tr>\n",
       "    <tr>\n",
       "      <th>5</th>\n",
       "      <td>3</td>\n",
       "      <td>5</td>\n",
       "    </tr>\n",
       "    <tr>\n",
       "      <th>6</th>\n",
       "      <td>2</td>\n",
       "      <td>4</td>\n",
       "    </tr>\n",
       "  </tbody>\n",
       "</table>\n",
       "</div>"
      ],
      "text/plain": [
       "   0  1\n",
       "0  1  2\n",
       "1  2  3\n",
       "2  1  3\n",
       "3  3  4\n",
       "4  4  5\n",
       "5  3  5\n",
       "6  2  4"
      ]
     },
     "metadata": {},
     "output_type": "display_data"
    },
    {
     "name": "stdout",
     "output_type": "stream",
     "text": [
      "-------------------------------------\n",
      "\n",
      "Global coordinate stiffness Matrices:\n",
      "\n",
      "Global Coordinate Stiffness Matrix for element 1:\n",
      "\n",
      "1.e+08  *\n",
      "\n",
      "         0        1        2        3\n",
      "0  0.07000  0.12124 -0.07000 -0.12124\n",
      "1  0.12124  0.21000 -0.12124 -0.21000\n",
      "2 -0.07000 -0.12124  0.07000  0.12124\n",
      "3 -0.12124 -0.21000  0.12124  0.21000\n",
      "\n",
      "\n",
      "\n",
      "Global Coordinate Stiffness Matrix for element 2:\n",
      "\n",
      "1.e+08  *\n",
      "\n",
      "         0        1        2        3\n",
      "0  0.07000 -0.12124 -0.07000  0.12124\n",
      "1 -0.12124  0.21000  0.12124 -0.21000\n",
      "2 -0.07000  0.12124  0.07000 -0.12124\n",
      "3  0.12124 -0.21000 -0.12124  0.21000\n",
      "\n",
      "\n",
      "\n",
      "Global Coordinate Stiffness Matrix for element 3:\n",
      "\n",
      "1.e+07  *\n",
      "\n",
      "     0    1    2    3\n",
      "0  2.8  0.0 -2.8  0.0\n",
      "1  0.0  0.0  0.0  0.0\n",
      "2 -2.8  0.0  2.8  0.0\n",
      "3  0.0  0.0  0.0  0.0\n",
      "\n",
      "\n",
      "\n",
      "Global Coordinate Stiffness Matrix for element 4:\n",
      "\n",
      "1.e+08  *\n",
      "\n",
      "         0        1        2        3\n",
      "0  0.07000  0.12124 -0.07000 -0.12124\n",
      "1  0.12124  0.21000 -0.12124 -0.21000\n",
      "2 -0.07000 -0.12124  0.07000  0.12124\n",
      "3 -0.12124 -0.21000  0.12124  0.21000\n",
      "\n",
      "\n",
      "\n",
      "Global Coordinate Stiffness Matrix for element 5:\n",
      "\n",
      "1.e+08  *\n",
      "\n",
      "         0        1        2        3\n",
      "0  0.07000 -0.12124 -0.07000  0.12124\n",
      "1 -0.12124  0.21000  0.12124 -0.21000\n",
      "2 -0.07000  0.12124  0.07000 -0.12124\n",
      "3  0.12124 -0.21000 -0.12124  0.21000\n",
      "\n",
      "\n",
      "\n",
      "Global Coordinate Stiffness Matrix for element 6:\n",
      "\n",
      "1.e+07  *\n",
      "\n",
      "     0    1    2    3\n",
      "0  2.8  0.0 -2.8  0.0\n",
      "1  0.0  0.0  0.0  0.0\n",
      "2 -2.8  0.0  2.8  0.0\n",
      "3  0.0  0.0  0.0  0.0\n",
      "\n",
      "\n",
      "\n",
      "Global Coordinate Stiffness Matrix for element 7:\n",
      "\n",
      "1.e+07  *\n",
      "\n",
      "     0    1    2    3\n",
      "0  2.8  0.0 -2.8  0.0\n",
      "1  0.0  0.0  0.0  0.0\n",
      "2 -2.8  0.0  2.8  0.0\n",
      "3  0.0  0.0  0.0  0.0\n",
      "\n",
      "\n",
      "-------------------------------------\n",
      "Total Stiffness Matrix:\n",
      "\n",
      "1.e+08  *\n",
      "\n",
      "         0        1        2        3        4        5        6        7  \\\n",
      "0  0.35000  0.12124 -0.07000 -0.12124 -0.28000  0.00000  0.00000  0.00000   \n",
      "1  0.12124  0.21000 -0.12124 -0.21000  0.00000  0.00000  0.00000  0.00000   \n",
      "2 -0.07000 -0.12124  0.42000  0.00000 -0.07000  0.12124 -0.28000  0.00000   \n",
      "3 -0.12124 -0.21000  0.00000  0.42000  0.12124 -0.21000  0.00000  0.00000   \n",
      "4 -0.28000  0.00000 -0.07000  0.12124  0.70000  0.00000 -0.07000 -0.12124   \n",
      "5  0.00000  0.00000  0.12124 -0.21000  0.00000  0.42000 -0.12124 -0.21000   \n",
      "6  0.00000  0.00000 -0.28000  0.00000 -0.07000 -0.12124  0.42000  0.00000   \n",
      "7  0.00000  0.00000  0.00000  0.00000 -0.12124 -0.21000  0.00000  0.42000   \n",
      "8  0.00000  0.00000  0.00000  0.00000 -0.28000  0.00000 -0.07000  0.12124   \n",
      "9  0.00000  0.00000  0.00000  0.00000  0.00000  0.00000  0.12124 -0.21000   \n",
      "\n",
      "         8        9  \n",
      "0  0.00000  0.00000  \n",
      "1  0.00000  0.00000  \n",
      "2  0.00000  0.00000  \n",
      "3  0.00000  0.00000  \n",
      "4 -0.28000  0.00000  \n",
      "5  0.00000  0.00000  \n",
      "6 -0.07000  0.12124  \n",
      "7  0.12124 -0.21000  \n",
      "8  0.35000 -0.12124  \n",
      "9 -0.12124  0.21000  \n",
      "-------------------------------------\n",
      "\n",
      "Below are Global Node Forces:\n",
      "\n",
      "fx1 = -1.9116e-07\n",
      "fy1 = 1.0000e+09\n",
      "fx2 = 0.e+00\n",
      "fy2 = -1.e+09\n",
      "fx3 = 0.e+00\n",
      "fy3 = 0.e+00\n",
      "fx4 = 0.e+00\n",
      "fy4 = -1.e+09\n",
      "fx5 = 0.e+00\n",
      "fy5 = 1.0000e+09\n",
      "-------------------------------------\n",
      "\n",
      "Below are Global Node Displacements:\n",
      "\n",
      "dx1 = 0.e+00\n",
      "dy1 = 0.e+00\n",
      "dx2 = 3.0929e+01\n",
      "dy2 = -6.5476e+01\n",
      "dx3 = 2.062e+01\n",
      "dy3 = -7.1429e+01\n",
      "dx4 = 1.031e+01\n",
      "dy4 = -6.5476e+01\n",
      "dx5 = 4.1239e+01\n",
      "dy5 = 0.e+00\n",
      "-------------------------------------\n",
      "\n",
      "Below are the FEA results by element in local coordinates:\n",
      "\n",
      "Below are local coordinate forces, displacements, and axial stresses for Element 1:\n",
      "f_1_x1 = 1.1547e+09\n",
      "f_1_y1 = 0.e+00\n",
      "f_1_x2 = -1.1547e+09\n",
      "f_1_y2 = 0.e+00\n",
      "\n",
      "\n",
      "d_1_x1 = 0.e+00\n",
      "d_1_y1 = 0.e+00\n",
      "d_1_x2 = -4.1239e+01\n",
      "d_1_y2 = -5.9524e+01\n",
      "\n",
      "\n",
      "sigma_1 = -2.8868e+12\n",
      "\n",
      "\n",
      "Below are local coordinate forces, displacements, and axial stresses for Element 2:\n",
      "f_2_x1 = 4.7684e-07\n",
      "f_2_y1 = 0.e+00\n",
      "f_2_x2 = -4.7684e-07\n",
      "f_2_y2 = 0.e+00\n",
      "\n",
      "\n",
      "d_2_x1 = 7.2169e+01\n",
      "d_2_y1 = -5.9524e+00\n",
      "d_2_x2 = 7.2169e+01\n",
      "d_2_y2 = -1.7857e+01\n",
      "\n",
      "\n",
      "sigma_2 = -1.1921e-03\n",
      "\n",
      "\n",
      "Below are local coordinate forces, displacements, and axial stresses for Element 3:\n",
      "f_3_x1 = -5.7735e+08\n",
      "f_3_y1 = 0.e+00\n",
      "f_3_x2 = 5.7735e+08\n",
      "f_3_y2 = 0.e+00\n",
      "\n",
      "\n",
      "d_3_x1 = 0.e+00\n",
      "d_3_y1 = 0.e+00\n",
      "d_3_x2 = 2.062e+01\n",
      "d_3_y2 = -7.1429e+01\n",
      "\n",
      "\n",
      "sigma_3 = 1.4434e+12\n",
      "\n",
      "\n",
      "Below are local coordinate forces, displacements, and axial stresses for Element 4:\n",
      "f_4_x1 = 4.7684e-07\n",
      "f_4_y1 = 0.e+00\n",
      "f_4_x2 = -4.7684e-07\n",
      "f_4_y2 = 0.e+00\n",
      "\n",
      "\n",
      "d_4_x1 = -5.1549e+01\n",
      "d_4_y1 = -5.3571e+01\n",
      "d_4_x2 = -5.1549e+01\n",
      "d_4_y2 = -4.1667e+01\n",
      "\n",
      "\n",
      "sigma_4 = -1.1921e-03\n",
      "\n",
      "\n",
      "Below are local coordinate forces, displacements, and axial stresses for Element 5:\n",
      "f_5_x1 = 1.1547e+09\n",
      "f_5_y1 = 0.e+00\n",
      "f_5_x2 = -1.1547e+09\n",
      "f_5_y2 = 0.e+00\n",
      "\n",
      "\n",
      "d_5_x1 = 6.1859e+01\n",
      "d_5_y1 = -2.381e+01\n",
      "d_5_x2 = 2.062e+01\n",
      "d_5_y2 = 3.5714e+01\n",
      "\n",
      "\n",
      "sigma_5 = -2.8868e+12\n",
      "\n",
      "\n",
      "Below are local coordinate forces, displacements, and axial stresses for Element 6:\n",
      "f_6_x1 = -5.7735e+08\n",
      "f_6_y1 = 0.e+00\n",
      "f_6_x2 = 5.7735e+08\n",
      "f_6_y2 = 0.e+00\n",
      "\n",
      "\n",
      "d_6_x1 = 2.062e+01\n",
      "d_6_y1 = -7.1429e+01\n",
      "d_6_x2 = 4.1239e+01\n",
      "d_6_y2 = 0.e+00\n",
      "\n",
      "\n",
      "sigma_6 = 1.4434e+12\n",
      "\n",
      "\n",
      "Below are local coordinate forces, displacements, and axial stresses for Element 7:\n",
      "f_7_x1 = 5.7735e+08\n",
      "f_7_y1 = 0.e+00\n",
      "f_7_x2 = -5.7735e+08\n",
      "f_7_y2 = 0.e+00\n",
      "\n",
      "\n",
      "d_7_x1 = 3.0929e+01\n",
      "d_7_y1 = -6.5476e+01\n",
      "d_7_x2 = 1.031e+01\n",
      "d_7_y2 = -6.5476e+01\n",
      "\n",
      "\n",
      "sigma_7 = -1.4434e+12\n",
      "\n",
      "\n",
      "--------------------------------------------------------------------------\n",
      "--------------------------------------------------------------------------\n",
      "--------------------------------------------------------------------------\n",
      "\n"
     ]
    }
   ],
   "source": [
    "\n",
    "E=210e9;A=4e-4;L=3\n",
    "E_list=E*np.ones((7,1))\n",
    "A_list=A*np.ones((7,1))\n",
    "L_list=L*np.ones((7,1))\n",
    "thetalist=np.array([60,-60,0,60,-60,0,0])\n",
    "M=np.array([[1,2],\n",
    "            [2,3],\n",
    "            [1,3],\n",
    "            [3,4],\n",
    "            [4,5],\n",
    "            [3,5],\n",
    "            [2,4]])\n",
    "fdpairs={1:[[0,'d'],[0,'d']],2:[[0,'f'],[-1e9,'f']],3:[[0,'f'],[0,'f']],4:[[0,'f'],[-1e9,'f']],5:[[0,'f'],[0,'d']]}\n",
    "title=create_TRUSS_TITLE(['meters','Newtons'],\"Truss FEA\")\n",
    "FEA_TRUSS(E_list,A_list,L_list,thetalist,M,fdpairs,title=title)"
   ]
  },
  {
   "cell_type": "markdown",
   "metadata": {},
   "source": [
    "# 2) Beam FEA"
   ]
  },
  {
   "cell_type": "code",
   "execution_count": 5,
   "metadata": {
    "scrolled": false
   },
   "outputs": [
    {
     "name": "stdout",
     "output_type": "stream",
     "text": [
      "--------------------------------------------------------------------------\n",
      "--------------------------------------------------------------------------\n",
      "--------------------------------------------------------------------------\n",
      "\n",
      "FEA BEAM ANALYSIS: P-Beam FEA :\n",
      "\n",
      "         All y displacements d in meters\n",
      "         All z displacements psi in radians\n",
      "         All y forces f in Newtons\n",
      "         All z forces m in Newton*meter's\n",
      "\n",
      "-------------------------------------\n",
      "-------------------------------------\n",
      "\n",
      "Elemental Input Data:\n",
      "\n",
      "Input Data for Element 1:\n",
      "E1 = 9.e+11\n",
      "I1 = 3.e-03\n",
      "L1 = 9.e+00\n",
      "q1 = 9.e+04\n",
      "\n",
      "Input Data for Element 2:\n",
      "E2 = 9.e+11\n",
      "I2 = 3.e-03\n",
      "L2 = 9.e+00\n",
      "q2 = 9.e+04\n",
      "\n",
      "Input Data for Element 3:\n",
      "E3 = 9.e+11\n",
      "I3 = 3.e-03\n",
      "L3 = 9.e+00\n",
      "q3 = 0.e+00\n",
      "-------------------------------------\n",
      "Fixed DOFs\n",
      "d1y = 0\n",
      "phi1z = 0\n",
      "f2y = 0\n",
      "m2z = 0\n",
      "d3y = 0\n",
      "m3z = 0\n",
      "f4y = -600000.0\n",
      "m4z = 0\n",
      "-------------------------------------\n",
      "Below is Chart containing Nodal Connectivity Data.\n",
      "\n",
      "The ith entry of the eth row represents the global node number associated with the ith local node \n",
      "of the eth finite element\n"
     ]
    },
    {
     "data": {
      "text/html": [
       "<div>\n",
       "<style scoped>\n",
       "    .dataframe tbody tr th:only-of-type {\n",
       "        vertical-align: middle;\n",
       "    }\n",
       "\n",
       "    .dataframe tbody tr th {\n",
       "        vertical-align: top;\n",
       "    }\n",
       "\n",
       "    .dataframe thead th {\n",
       "        text-align: right;\n",
       "    }\n",
       "</style>\n",
       "<table border=\"1\" class=\"dataframe\">\n",
       "  <thead>\n",
       "    <tr style=\"text-align: right;\">\n",
       "      <th></th>\n",
       "      <th>0</th>\n",
       "      <th>1</th>\n",
       "    </tr>\n",
       "  </thead>\n",
       "  <tbody>\n",
       "    <tr>\n",
       "      <th>0</th>\n",
       "      <td>1</td>\n",
       "      <td>2</td>\n",
       "    </tr>\n",
       "    <tr>\n",
       "      <th>1</th>\n",
       "      <td>2</td>\n",
       "      <td>3</td>\n",
       "    </tr>\n",
       "    <tr>\n",
       "      <th>2</th>\n",
       "      <td>3</td>\n",
       "      <td>4</td>\n",
       "    </tr>\n",
       "  </tbody>\n",
       "</table>\n",
       "</div>"
      ],
      "text/plain": [
       "   0  1\n",
       "0  1  2\n",
       "1  2  3\n",
       "2  3  4"
      ]
     },
     "metadata": {},
     "output_type": "display_data"
    },
    {
     "name": "stdout",
     "output_type": "stream",
     "text": [
      "-------------------------------------\n",
      "\n",
      "Global coordinate stiffness Matrices:\n",
      "\n",
      "Global Coordinate Stiffness Matrix for element 1:\n",
      "\n",
      "1.e+09  *\n",
      "\n",
      "         0    1        2    3\n",
      "0  0.04444  0.2 -0.04444  0.2\n",
      "1  0.20000  1.2 -0.20000  0.6\n",
      "2 -0.04444 -0.2  0.04444 -0.2\n",
      "3  0.20000  0.6 -0.20000  1.2\n",
      "\n",
      "\n",
      "\n",
      "Global Coordinate Stiffness Matrix for element 2:\n",
      "\n",
      "1.e+09  *\n",
      "\n",
      "         0    1        2    3\n",
      "0  0.04444  0.2 -0.04444  0.2\n",
      "1  0.20000  1.2 -0.20000  0.6\n",
      "2 -0.04444 -0.2  0.04444 -0.2\n",
      "3  0.20000  0.6 -0.20000  1.2\n",
      "\n",
      "\n",
      "\n",
      "Global Coordinate Stiffness Matrix for element 3:\n",
      "\n",
      "1.e+09  *\n",
      "\n",
      "         0    1        2    3\n",
      "0  0.04444  0.2 -0.04444  0.2\n",
      "1  0.20000  1.2 -0.20000  0.6\n",
      "2 -0.04444 -0.2  0.04444 -0.2\n",
      "3  0.20000  0.6 -0.20000  1.2\n",
      "\n",
      "\n",
      "-------------------------------------\n",
      "Total Stiffness Matrix:\n",
      "\n",
      "1.e+09  *\n",
      "\n",
      "         0    1        2    3        4    5        6    7\n",
      "0  0.04444  0.2 -0.04444  0.2  0.00000  0.0  0.00000  0.0\n",
      "1  0.20000  1.2 -0.20000  0.6  0.00000  0.0  0.00000  0.0\n",
      "2 -0.04444 -0.2  0.08889  0.0 -0.04444  0.2  0.00000  0.0\n",
      "3  0.20000  0.6  0.00000  2.4 -0.20000  0.6  0.00000  0.0\n",
      "4  0.00000  0.0 -0.04444 -0.2  0.08889  0.0 -0.04444  0.2\n",
      "5  0.00000  0.0  0.20000  0.6  0.00000  2.4 -0.20000  0.6\n",
      "6  0.00000  0.0  0.00000  0.0 -0.04444 -0.2  0.04444 -0.2\n",
      "7  0.00000  0.0  0.00000  0.0  0.20000  0.6 -0.20000  1.2\n",
      "-------------------------------------\n",
      "\n",
      "Global equivalent Nodal Forces Vectors:\n",
      "\n",
      "Global equivalent Nodal Force Vector for element 1:\n",
      "\n",
      "[[-405000.]\n",
      " [-607500.]\n",
      " [-405000.]\n",
      " [ 607500.]]\n",
      "\n",
      "\n",
      "\n",
      "Global equivalent Nodal Force Vector for element 2:\n",
      "\n",
      "[[-405000.]\n",
      " [-607500.]\n",
      " [-405000.]\n",
      " [ 607500.]]\n",
      "\n",
      "\n",
      "\n",
      "Global equivalent Nodal Force Vector for element 3:\n",
      "\n",
      "[[0.]\n",
      " [0.]\n",
      " [0.]\n",
      " [0.]]\n",
      "\n",
      "\n",
      "-------------------------------------\n",
      "Total Global Equivalent Nodal Force Vector:\n",
      "\n",
      "[[-405000.]\n",
      " [-607500.]\n",
      " [-810000.]\n",
      " [      0.]\n",
      " [-405000.]\n",
      " [ 607500.]\n",
      " [      0.]\n",
      " [      0.]]\n",
      "-------------------------------------\n",
      "\n",
      "Below are Global Node Forces:\n",
      "\n",
      "fy1 = 5.625e+05\n",
      "mz1 = 9.45e+05\n",
      "fy2 = 0.e+00\n",
      "mz2 = 0.e+00\n",
      "fy3 = 1.6575e+06\n",
      "mz3 = 0.e+00\n",
      "fy4 = -6.e+05\n",
      "mz4 = 0.e+00\n",
      "-------------------------------------\n",
      "\n",
      "Below are Global Node Displacements:\n",
      "\n",
      "dy1 = 0.e+00\n",
      "phiz1 = 0.e+00\n",
      "dy2 = 2.0250e-03\n",
      "phiz2 = 1.2375e-03\n",
      "dy3 = 0.e+00\n",
      "phiz3 = -4.9500e-03\n",
      "dy4 = -9.8550e-02\n",
      "phiz4 = -1.3950e-02\n",
      "-------------------------------------\n",
      "\n",
      "Below are the FEA results by element in global coordinates:\n",
      "\n",
      "Below are global/local coordinate forces and displacements for Element 1:\n",
      "f_1_y1 = 5.625e+05\n",
      "m_1_z1 = 9.45e+05\n",
      "f_1_y2 = 2.475e+05\n",
      "m_1_z2 = 4.7250e+05\n",
      "\n",
      "\n",
      "d_1_y1 = 0.e+00\n",
      "phi_1_z1 = 0.e+00\n",
      "d_1_y2 = 2.0250e-03\n",
      "phi_1_z2 = 1.2375e-03\n",
      "\n",
      "\n",
      "\n",
      "\n",
      "Below are global/local coordinate forces and displacements for Element 2:\n",
      "f_2_y1 = -2.4750e+05\n",
      "m_2_z1 = -4.7250e+05\n",
      "f_2_y2 = 1.0575e+06\n",
      "m_2_z2 = -5.4000e+06\n",
      "\n",
      "\n",
      "d_2_y1 = 2.0250e-03\n",
      "phi_2_z1 = 1.2375e-03\n",
      "d_2_y2 = 0.e+00\n",
      "phi_2_z2 = -4.9500e-03\n",
      "\n",
      "\n",
      "\n",
      "\n",
      "Below are global/local coordinate forces and displacements for Element 3:\n",
      "f_3_y1 = 6.0000e+05\n",
      "m_3_z1 = 5.4000e+06\n",
      "f_3_y2 = -6.0000e+05\n",
      "m_3_z2 = -1.397e-09\n",
      "\n",
      "\n",
      "d_3_y1 = 0.e+00\n",
      "phi_3_z1 = -4.9500e-03\n",
      "d_3_y2 = -9.8550e-02\n",
      "phi_3_z2 = -1.3950e-02\n",
      "\n",
      "\n",
      "\n",
      "\n",
      "--------------------------------------------------------------------------\n",
      "--------------------------------------------------------------------------\n",
      "--------------------------------------------------------------------------\n",
      "\n"
     ]
    }
   ],
   "source": [
    "\n",
    "dpsifm_units=['meters','radians','Newtons','Newton*meter\\'s']\n",
    "problem_title=\"P-Beam FEA\"\n",
    "title=create_BEAM_TITLE(dpsifm_units,problem_title)\n",
    "\n",
    "E=900e9;I=3e-3;L=9;q=9e4;Fbar=6e5\n",
    "\n",
    "\n",
    "E_list=np.ones((3,1))*E\n",
    "I_list=np.ones((3,1))*I\n",
    "L_list=np.ones((3,1))*L\n",
    "\n",
    "q_sym_list=[q,q,0]\n",
    "M=np.array([[1,2],\n",
    "            [2,3],\n",
    "            [3,4]])\n",
    "\n",
    "\n",
    "fdpairs={1:[[0,'d'],[0,'d']],2:[[0,'f'],[0,'f']],3:[[0,'d'],[0,'f']],4:[[-Fbar,'f'],[0,'f']]}\n",
    "inputs,calculations,results=FEA_BEAM(E_list,I_list,L_list,q_sym_list,M,fdpairs,title=title)"
   ]
  },
  {
   "cell_type": "markdown",
   "metadata": {},
   "source": [
    "# 3) FRAME FEA"
   ]
  },
  {
   "cell_type": "code",
   "execution_count": 7,
   "metadata": {
    "scrolled": false
   },
   "outputs": [
    {
     "name": "stdout",
     "output_type": "stream",
     "text": [
      "--------------------------------------------------------------------------\n",
      "--------------------------------------------------------------------------\n",
      "--------------------------------------------------------------------------\n",
      "\n",
      "FEA FRAME ANALYSIS: P-3 FRAME FEA :\n",
      "\n",
      "         All x/y displacements d in meters\n",
      "         All z displacements psi in radians\n",
      "         All x/y forces f in Newtons\n",
      "         All z forces m in Newton*meter's\n",
      "\n",
      "-------------------------------------\n",
      "-------------------------------------\n",
      "\n",
      "Elemental Input Data:\n",
      "\n",
      "Input Data for Element 1:\n",
      "E1 = 9.1e+11\n",
      "A1 = 1.e-01\n",
      "I1 = 8.33e-04\n",
      "L1 = 1.2e+01\n",
      "theta1 = 9.e+01\n",
      "q1 = 0.e+00\n",
      "\n",
      "Input Data for Element 2:\n",
      "E2 = 9.1e+11\n",
      "A2 = 1.e-01\n",
      "I2 = 8.33e-04\n",
      "L2 = 7.211102550927978e+00\n",
      "theta2 = 3.3690067525979785e+01\n",
      "q2 = 0.e+00\n",
      "\n",
      "Input Data for Element 3:\n",
      "E3 = 9.1e+11\n",
      "A3 = 1.e-01\n",
      "I3 = 8.33e-04\n",
      "L3 = 8.e+00\n",
      "theta3 = 0.e+00\n",
      "q3 = 0.e+00\n",
      "\n",
      "Input Data for Element 4:\n",
      "E4 = 9.1e+11\n",
      "A4 = 1.e-01\n",
      "I4 = 8.33e-04\n",
      "L4 = 7.211102550927978e+00\n",
      "theta4 = -3.3690067525979785e+01\n",
      "q4 = 0.e+00\n",
      "\n",
      "Input Data for Element 5:\n",
      "E5 = 9.1e+11\n",
      "A5 = 1.e-01\n",
      "I5 = 8.33e-04\n",
      "L5 = 1.2e+01\n",
      "theta5 = -9.e+01\n",
      "q5 = 0.e+00\n",
      "-------------------------------------\n",
      "Fixed DOFs\n",
      "d1x = 0\n",
      "d1y = 0\n",
      "phi1z = 0\n",
      "f2x = 0\n",
      "f2y = 0\n",
      "m2z = 0\n",
      "f3x = 0\n",
      "f3y = -7000.0\n",
      "m3z = 0\n",
      "f4x = 0\n",
      "f4y = -7000.0\n",
      "m4z = 0\n",
      "f5x = 0\n",
      "f5y = 0\n",
      "m5z = 0\n",
      "d6x = 0\n",
      "d6y = 0\n",
      "phi6z = 0\n",
      "-------------------------------------\n",
      "Below is Chart containing Nodal Connectivity Data.\n",
      "\n",
      "The ith entry of the eth row represents the global node number associated with the ith local node \n",
      "of the eth finite element\n"
     ]
    },
    {
     "data": {
      "text/html": [
       "<div>\n",
       "<style scoped>\n",
       "    .dataframe tbody tr th:only-of-type {\n",
       "        vertical-align: middle;\n",
       "    }\n",
       "\n",
       "    .dataframe tbody tr th {\n",
       "        vertical-align: top;\n",
       "    }\n",
       "\n",
       "    .dataframe thead th {\n",
       "        text-align: right;\n",
       "    }\n",
       "</style>\n",
       "<table border=\"1\" class=\"dataframe\">\n",
       "  <thead>\n",
       "    <tr style=\"text-align: right;\">\n",
       "      <th></th>\n",
       "      <th>0</th>\n",
       "      <th>1</th>\n",
       "    </tr>\n",
       "  </thead>\n",
       "  <tbody>\n",
       "    <tr>\n",
       "      <th>0</th>\n",
       "      <td>1</td>\n",
       "      <td>2</td>\n",
       "    </tr>\n",
       "    <tr>\n",
       "      <th>1</th>\n",
       "      <td>2</td>\n",
       "      <td>3</td>\n",
       "    </tr>\n",
       "    <tr>\n",
       "      <th>2</th>\n",
       "      <td>3</td>\n",
       "      <td>4</td>\n",
       "    </tr>\n",
       "    <tr>\n",
       "      <th>3</th>\n",
       "      <td>4</td>\n",
       "      <td>5</td>\n",
       "    </tr>\n",
       "    <tr>\n",
       "      <th>4</th>\n",
       "      <td>5</td>\n",
       "      <td>6</td>\n",
       "    </tr>\n",
       "  </tbody>\n",
       "</table>\n",
       "</div>"
      ],
      "text/plain": [
       "   0  1\n",
       "0  1  2\n",
       "1  2  3\n",
       "2  3  4\n",
       "3  4  5\n",
       "4  5  6"
      ]
     },
     "metadata": {},
     "output_type": "display_data"
    },
    {
     "name": "stdout",
     "output_type": "stream",
     "text": [
      "-------------------------------------\n",
      "\n",
      "Global coordinate stiffness Matrices:\n",
      "\n",
      "Global Coordinate Stiffness Matrix for element 1:\n",
      "\n",
      "1.e+09  *\n",
      "\n",
      "         0        1        2        3        4        5\n",
      "0  0.00526  0.00000 -0.03158 -0.00526 -0.00000 -0.03158\n",
      "1  0.00000  7.58333  0.00000 -0.00000 -7.58333  0.00000\n",
      "2 -0.03158  0.00000  0.25268  0.03158 -0.00000  0.12634\n",
      "3 -0.00526 -0.00000  0.03158  0.00526  0.00000  0.03158\n",
      "4 -0.00000 -7.58333 -0.00000  0.00000  7.58333 -0.00000\n",
      "5 -0.03158  0.00000  0.12634  0.03158 -0.00000  0.25268\n",
      "\n",
      "\n",
      "\n",
      "Global Coordinate Stiffness Matrix for element 2:\n",
      "\n",
      "1.e+10  *\n",
      "\n",
      "         0        1        2        3        4        5\n",
      "0  0.87440  0.58132 -0.00485 -0.87440 -0.58132 -0.00485\n",
      "1  0.58132  0.38997  0.00728 -0.58132 -0.38997  0.00728\n",
      "2 -0.00485  0.00728  0.04205  0.00485 -0.00728  0.02102\n",
      "3 -0.87440 -0.58132  0.00485  0.87440  0.58132  0.00485\n",
      "4 -0.58132 -0.38997 -0.00728  0.58132  0.38997 -0.00728\n",
      "5 -0.00485  0.00728  0.02102  0.00485 -0.00728  0.04205\n",
      "\n",
      "\n",
      "\n",
      "Global Coordinate Stiffness Matrix for element 3:\n",
      "\n",
      "1.e+10  *\n",
      "\n",
      "        0        1        2       3        4        5\n",
      "0  1.1375  0.00000  0.00000 -1.1375  0.00000  0.00000\n",
      "1  0.0000  0.00178  0.00711  0.0000 -0.00178  0.00711\n",
      "2  0.0000  0.00711  0.03790  0.0000 -0.00711  0.01895\n",
      "3 -1.1375  0.00000  0.00000  1.1375  0.00000  0.00000\n",
      "4  0.0000 -0.00178 -0.00711  0.0000  0.00178 -0.00711\n",
      "5  0.0000  0.00711  0.01895  0.0000 -0.00711  0.03790\n",
      "\n",
      "\n",
      "\n",
      "Global Coordinate Stiffness Matrix for element 4:\n",
      "\n",
      "1.e+10  *\n",
      "\n",
      "         0        1        2        3        4        5\n",
      "0  0.87440 -0.58132  0.00485 -0.87440  0.58132  0.00485\n",
      "1 -0.58132  0.38997  0.00728  0.58132 -0.38997  0.00728\n",
      "2  0.00485  0.00728  0.04205 -0.00485 -0.00728  0.02102\n",
      "3 -0.87440  0.58132 -0.00485  0.87440 -0.58132 -0.00485\n",
      "4  0.58132 -0.38997 -0.00728 -0.58132  0.38997 -0.00728\n",
      "5  0.00485  0.00728  0.02102 -0.00485 -0.00728  0.04205\n",
      "\n",
      "\n",
      "\n",
      "Global Coordinate Stiffness Matrix for element 5:\n",
      "\n",
      "1.e+09  *\n",
      "\n",
      "         0        1        2        3        4        5\n",
      "0  0.00526 -0.00000  0.03158 -0.00526  0.00000  0.03158\n",
      "1 -0.00000  7.58333  0.00000  0.00000 -7.58333  0.00000\n",
      "2  0.03158  0.00000  0.25268 -0.03158 -0.00000  0.12634\n",
      "3 -0.00526  0.00000 -0.03158  0.00526 -0.00000 -0.03158\n",
      "4  0.00000 -7.58333 -0.00000 -0.00000  7.58333 -0.00000\n",
      "5  0.03158  0.00000  0.12634 -0.03158 -0.00000  0.25268\n",
      "\n",
      "\n",
      "-------------------------------------\n",
      "Total Stiffness Matrix:\n",
      "\n",
      "1.e+09  *\n",
      "\n",
      "          0        1        2        3         4        5         6        7  \\\n",
      "0   0.00526  0.00000 -0.03158 -0.00526  -0.00000 -0.03158   0.00000  0.00000   \n",
      "1   0.00000  7.58333  0.00000 -0.00000  -7.58333  0.00000   0.00000  0.00000   \n",
      "2  -0.03158  0.00000  0.25268  0.03158  -0.00000  0.12634   0.00000  0.00000   \n",
      "3  -0.00526 -0.00000  0.03158  8.74926   5.81316 -0.01693  -8.74399 -5.81316   \n",
      "4  -0.00000 -7.58333 -0.00000  5.81316  11.48303  0.07278  -5.81316 -3.89970   \n",
      "5  -0.03158  0.00000  0.12634 -0.01693   0.07278  0.67316   0.04852 -0.07278   \n",
      "6   0.00000  0.00000  0.00000 -8.74399  -5.81316  0.04852  20.11899  5.81316   \n",
      "7   0.00000  0.00000  0.00000 -5.81316  -3.89970 -0.07278   5.81316  3.91746   \n",
      "8   0.00000  0.00000  0.00000 -0.04852   0.07278  0.21024   0.04852 -0.00171   \n",
      "9   0.00000  0.00000  0.00000  0.00000   0.00000  0.00000 -11.37500  0.00000   \n",
      "10  0.00000  0.00000  0.00000  0.00000   0.00000  0.00000   0.00000 -0.01777   \n",
      "11  0.00000  0.00000  0.00000  0.00000   0.00000  0.00000   0.00000  0.07107   \n",
      "12  0.00000  0.00000  0.00000  0.00000   0.00000  0.00000   0.00000  0.00000   \n",
      "13  0.00000  0.00000  0.00000  0.00000   0.00000  0.00000   0.00000  0.00000   \n",
      "14  0.00000  0.00000  0.00000  0.00000   0.00000  0.00000   0.00000  0.00000   \n",
      "15  0.00000  0.00000  0.00000  0.00000   0.00000  0.00000   0.00000  0.00000   \n",
      "16  0.00000  0.00000  0.00000  0.00000   0.00000  0.00000   0.00000  0.00000   \n",
      "17  0.00000  0.00000  0.00000  0.00000   0.00000  0.00000   0.00000  0.00000   \n",
      "\n",
      "          8         9       10       11       12        13       14       15  \\\n",
      "0   0.00000   0.00000  0.00000  0.00000  0.00000   0.00000  0.00000  0.00000   \n",
      "1   0.00000   0.00000  0.00000  0.00000  0.00000   0.00000  0.00000  0.00000   \n",
      "2   0.00000   0.00000  0.00000  0.00000  0.00000   0.00000  0.00000  0.00000   \n",
      "3  -0.04852   0.00000  0.00000  0.00000  0.00000   0.00000  0.00000  0.00000   \n",
      "4   0.07278   0.00000  0.00000  0.00000  0.00000   0.00000  0.00000  0.00000   \n",
      "5   0.21024   0.00000  0.00000  0.00000  0.00000   0.00000  0.00000  0.00000   \n",
      "6   0.04852 -11.37500  0.00000  0.00000  0.00000   0.00000  0.00000  0.00000   \n",
      "7  -0.00171   0.00000 -0.01777  0.07107  0.00000   0.00000  0.00000  0.00000   \n",
      "8   0.79949   0.00000 -0.07107  0.18951  0.00000   0.00000  0.00000  0.00000   \n",
      "9   0.00000  20.11899 -5.81316  0.04852 -8.74399   5.81316  0.04852  0.00000   \n",
      "10 -0.07107  -5.81316  3.91746  0.00171  5.81316  -3.89970  0.07278  0.00000   \n",
      "11  0.18951   0.04852  0.00171  0.79949 -0.04852  -0.07278  0.21024  0.00000   \n",
      "12  0.00000  -8.74399  5.81316 -0.04852  8.74926  -5.81316 -0.01693 -0.00526   \n",
      "13  0.00000   5.81316 -3.89970 -0.07278 -5.81316  11.48303 -0.07278  0.00000   \n",
      "14  0.00000   0.04852  0.07278  0.21024 -0.01693  -0.07278  0.67316 -0.03158   \n",
      "15  0.00000   0.00000  0.00000  0.00000 -0.00526   0.00000 -0.03158  0.00526   \n",
      "16  0.00000   0.00000  0.00000  0.00000  0.00000  -7.58333 -0.00000 -0.00000   \n",
      "17  0.00000   0.00000  0.00000  0.00000  0.03158   0.00000  0.12634 -0.03158   \n",
      "\n",
      "         16       17  \n",
      "0   0.00000  0.00000  \n",
      "1   0.00000  0.00000  \n",
      "2   0.00000  0.00000  \n",
      "3   0.00000  0.00000  \n",
      "4   0.00000  0.00000  \n",
      "5   0.00000  0.00000  \n",
      "6   0.00000  0.00000  \n",
      "7   0.00000  0.00000  \n",
      "8   0.00000  0.00000  \n",
      "9   0.00000  0.00000  \n",
      "10  0.00000  0.00000  \n",
      "11  0.00000  0.00000  \n",
      "12  0.00000  0.03158  \n",
      "13 -7.58333  0.00000  \n",
      "14 -0.00000  0.12634  \n",
      "15 -0.00000 -0.03158  \n",
      "16  7.58333 -0.00000  \n",
      "17 -0.00000  0.25268  \n",
      "-------------------------------------\n",
      "\n",
      "Global equivalent Nodal Forces Vectors:\n",
      "\n",
      "Global equivalent Nodal Force Vector for element 1:\n",
      "\n",
      "[[0.]\n",
      " [0.]\n",
      " [0.]\n",
      " [0.]\n",
      " [0.]\n",
      " [0.]]\n",
      "\n",
      "\n",
      "\n",
      "Global equivalent Nodal Force Vector for element 2:\n",
      "\n",
      "[[0.]\n",
      " [0.]\n",
      " [0.]\n",
      " [0.]\n",
      " [0.]\n",
      " [0.]]\n",
      "\n",
      "\n",
      "\n",
      "Global equivalent Nodal Force Vector for element 3:\n",
      "\n",
      "[[0.]\n",
      " [0.]\n",
      " [0.]\n",
      " [0.]\n",
      " [0.]\n",
      " [0.]]\n",
      "\n",
      "\n",
      "\n",
      "Global equivalent Nodal Force Vector for element 4:\n",
      "\n",
      "[[0.]\n",
      " [0.]\n",
      " [0.]\n",
      " [0.]\n",
      " [0.]\n",
      " [0.]]\n",
      "\n",
      "\n",
      "\n",
      "Global equivalent Nodal Force Vector for element 5:\n",
      "\n",
      "[[0.]\n",
      " [0.]\n",
      " [0.]\n",
      " [0.]\n",
      " [0.]\n",
      " [0.]]\n",
      "\n",
      "\n",
      "-------------------------------------\n",
      "Total Global Equivalent Nodal Force Vector:\n",
      "\n",
      "[[0.]\n",
      " [0.]\n",
      " [0.]\n",
      " [0.]\n",
      " [0.]\n",
      " [0.]\n",
      " [0.]\n",
      " [0.]\n",
      " [0.]\n",
      " [0.]\n",
      " [0.]\n",
      " [0.]\n",
      " [0.]\n",
      " [0.]\n",
      " [0.]\n",
      " [0.]\n",
      " [0.]\n",
      " [0.]]\n",
      "-------------------------------------\n",
      "\n",
      "Below are Global Node Forces:\n",
      "\n",
      "fx1 = 2.7279e+03\n",
      "fy1 = 7.0000e+03\n",
      "mz1 = -1.4087e+04\n",
      "fx2 = 0.e+00\n",
      "fy2 = 0.e+00\n",
      "mz2 = 0.e+00\n",
      "fx3 = 0.e+00\n",
      "fy3 = -7.e+03\n",
      "mz3 = 0.e+00\n",
      "fx4 = 0.e+00\n",
      "fy4 = -7.e+03\n",
      "mz4 = 0.e+00\n",
      "fx5 = 0.e+00\n",
      "fy5 = 0.e+00\n",
      "mz5 = 0.e+00\n",
      "fx6 = -2.7279e+03\n",
      "fy6 = 7.0000e+03\n",
      "mz6 = 1.4087e+04\n",
      "-------------------------------------\n",
      "\n",
      "Below are Global Node Displacements:\n",
      "\n",
      "dx1 = 0.e+00\n",
      "dy1 = 0.e+00\n",
      "phiz1 = 0.e+00\n",
      "dx2 = -3.0156e-04\n",
      "dy2 = -9.2308e-07\n",
      "phiz2 = -3.6109e-05\n",
      "dx3 = 1.1991e-07\n",
      "dy3 = -4.5432e-04\n",
      "phiz3 = -6.5642e-05\n",
      "dx4 = -1.1991e-07\n",
      "dy4 = -4.5432e-04\n",
      "phiz4 = 6.5642e-05\n",
      "dx5 = 3.0156e-04\n",
      "dy5 = -9.2308e-07\n",
      "phiz5 = 3.6109e-05\n",
      "dx6 = 0.e+00\n",
      "dy6 = 0.e+00\n",
      "phiz6 = 0.e+00\n",
      "-------------------------------------\n",
      "\n",
      "Below are the FEA results by element in global coordinates:\n",
      "\n",
      "Below are global coordinate forces and displacements for Element 1:\n",
      "f_1_x1 = 2.7279e+03\n",
      "f_1_y1 = 7.0000e+03\n",
      "m_1_z1 = -1.4087e+04\n",
      "f_1_x2 = -2.7279e+03\n",
      "f_1_y2 = -7.0000e+03\n",
      "m_1_z2 = -1.8649e+04\n",
      "\n",
      "\n",
      "d_1_x1 = 0.e+00\n",
      "d_1_y1 = 0.e+00\n",
      "phi_1_z1 = 0.e+00\n",
      "d_1_x2 = -3.0156e-04\n",
      "d_1_y2 = -9.2308e-07\n",
      "phi_1_z2 = -3.6109e-05\n",
      "\n",
      "\n",
      "\n",
      "\n",
      "Below are global coordinate forces and displacements for Element 2:\n",
      "f_2_x1 = 2.7279e+03\n",
      "f_2_y1 = 7.0000e+03\n",
      "m_2_z1 = 1.8649e+04\n",
      "f_2_x2 = -2.7279e+03\n",
      "f_2_y2 = -7.0000e+03\n",
      "m_2_z2 = 1.244e+04\n",
      "\n",
      "\n",
      "d_2_x1 = -3.0156e-04\n",
      "d_2_y1 = -9.2308e-07\n",
      "phi_2_z1 = -3.6109e-05\n",
      "d_2_x2 = 1.1991e-07\n",
      "d_2_y2 = -4.5432e-04\n",
      "phi_2_z2 = -6.5642e-05\n",
      "\n",
      "\n",
      "\n",
      "\n",
      "Below are global coordinate forces and displacements for Element 3:\n",
      "f_3_x1 = 2.7279e+03\n",
      "f_3_y1 = -5.9117e-11\n",
      "m_3_z1 = -1.244e+04\n",
      "f_3_x2 = -2.7279e+03\n",
      "f_3_y2 = 5.9117e-11\n",
      "m_3_z2 = 1.244e+04\n",
      "\n",
      "\n",
      "d_3_x1 = 1.1991e-07\n",
      "d_3_y1 = -4.5432e-04\n",
      "phi_3_z1 = -6.5642e-05\n",
      "d_3_x2 = -1.1991e-07\n",
      "d_3_y2 = -4.5432e-04\n",
      "phi_3_z2 = 6.5642e-05\n",
      "\n",
      "\n",
      "\n",
      "\n",
      "Below are global coordinate forces and displacements for Element 4:\n",
      "f_4_x1 = 2.7279e+03\n",
      "f_4_y1 = -7.0000e+03\n",
      "m_4_z1 = -1.244e+04\n",
